0.4
0.40028
0.40057
0.40085
0.40114
0.40142
0.4017
0.40199
0.40227
0.40256
0.40284
0.40312
0.40341
0.40369
0.40398
0.40426
0.40454
0.40483
0.40511
0.4054
0.40568
0.40596
0.40625
0.40653
0.40682
0.4071
0.40738
0.40767
0.40795
0.40824
0.40852
0.4088
0.40909
0.40937
0.40966
0.40994
0.41022
0.41051
0.41079
0.41108
0.41136
0.41164
0.41193
0.41221
0.4125
0.41278
0.41306
0.41335
0.41363
0.41392
0.4142
0.41448
0.41477
0.41505
0.41534
0.41562
0.4159
0.41619
0.41647
0.41675
0.41704
0.41732
0.41761
0.41789
0.41818
0.41846
0.41874
0.41903
0.41931
0.41959
0.41988
0.42016
0.42045
0.42073
0.42101
0.4213
0.42158
0.42187
0.42215
0.42244
0.42272
0.423
0.42329
0.42357
0.42385
0.42414
0.42442
0.42471
0.42499
0.42528
0.42556
0.42584
0.42613
0.42641
0.42669
0.42698
0.42726
0.42755
0.42783
0.42812
0.4284
0.42868
0.42897
0.42925
0.42954
0.42982
0.4301
0.43039
0.43067
0.43095
0.43124
0.43152
0.43181
0.43209
0.43238
0.43266
0.43294
0.43323
0.43351
0.43379
0.43408
0.43436
0.43465
0.43493
0.43522
0.4355
0.43578
0.43607
0.43635
0.43663
0.43692
0.4372
0.43749
0.43777
0.43806
0.43834
0.43862
0.43891
0.43919
0.43948
0.43976
0.44004
0.44033
0.44061
0.44089
0.44118
0.44146
0.44175
0.44203
0.44232
0.4426
0.44288
0.44317
0.44345
0.44373
0.44402
0.4443
0.44459
0.44487
0.44515
0.44544
0.44572
0.44601
0.44629
0.44657
0.44686
0.44714
0.44743
0.44771
0.44799
0.44828
0.44856
0.44885
0.44913
0.44941
0.4497
0.44998
0.45027
0.45055
0.45083
0.45112
0.4514
0.45169
0.45197
0.45225
0.45254
0.45282
0.45311
0.45339
0.45367
0.45396
0.45424
0.45453
0.45481
0.45509
0.45538
0.45566
0.45595
0.45623
0.45651
0.4568
0.45708
0.45737
0.45765
0.45793
0.45822
0.4585
0.45879
0.45907
0.45935
0.45964
0.45992
0.46021
0.46049
0.46077
0.46106
0.46134
0.46163
0.46191
0.46219
0.46248
0.46276
0.46305
0.46333
0.46361
0.4639
0.46418
0.46447
0.46475
0.46503
0.46532
0.4656
0.46589
0.46617
0.46645
0.46674
0.46702
0.46731
0.46759
0.46787
0.46816
0.46844
0.46873
0.46901
0.46929
0.46958
0.46986
0.47015
0.47043
0.47071
0.471
0.47128
0.47157
0.47185
0.47213
0.47242
0.4727
0.47298
0.47327
0.47355
0.47384
0.47412
0.47441
0.47469
0.47497
0.47526
0.47554
0.47582
0.47611
0.47639
0.47668
0.47696
0.47724
0.47753
0.47781
0.4781
0.47838
0.47867
0.47895
0.47923
0.47952
0.4798
0.48008
0.48037
0.48065
0.48094
0.48122
0.48151
0.48179
0.48207
0.48236
0.48264
0.48292
0.48321
0.48349
0.48378
0.48406
0.48435
0.48463
0.48491
0.4852
0.48548
0.48577
0.48605
0.48633
0.48662
0.4869
0.48718
0.48747
0.48775
0.48804
0.48832
0.48861
0.48889
0.48917
0.48946
0.48974
0.49002
0.49031
0.49059
0.49088
0.49116
0.49145
0.49173
0.49201
0.4923
0.49258
0.49286
0.49315
0.49343
0.49372
0.494
0.49428
0.49457
0.49485
0.49514
0.49542
0.49571
0.49599
0.49627
0.49656
0.49684
0.49712
0.49741
0.49769
0.49798
0.49826
0.49855
0.49883
0.49911
0.4994
0.49968
0.49996
0.50025
0.50053
0.50082
0.5011
0.50138
0.50167
0.50195
0.50224
0.50252
0.5028
0.50309
0.50337
0.50366
0.50394
0.50422
0.50451
0.50479
0.50508
0.50536
0.50564
0.50593
0.50621
0.5065
0.50678
0.50706
0.50735
0.50763
0.50792
0.5082
0.50848
0.50877
0.50905
0.50934
0.50962
0.5099
0.51019
0.51047
0.51076
0.51104
0.51132
0.51161
0.51189
0.51218
0.51246
0.51274
0.51303
0.51331
0.5136
0.51388
0.51416
0.51445
0.51473
0.51502
0.5153
0.51558
0.51587
0.51615
0.51644
0.51672
0.517
0.51729
0.51757
0.51786
0.51814
0.51842
0.51871
0.51899
0.51928
0.51956
0.51984
0.52013
0.52041
0.5207
0.52098
0.52126
0.52155
0.52183
0.52212
0.5224
0.52268
0.52297
0.52325
0.52354
0.52382
0.5241
0.52439
0.52467
0.52496
0.52524
0.52552
0.52581
0.52609
0.52638
0.52666
0.52694
0.52723
0.52751
0.5278
0.52808
0.52836
0.52865
0.52893
0.52921
0.5295
0.52978
0.53007
0.53035
0.53063
0.53092
0.5312
0.53149
0.53177
0.53205
0.53234
0.53262
0.53291
0.53319
0.53348
0.53376
0.53404
0.53433
0.53461
0.5349
0.53518
0.53546
0.53575
0.53603
0.53631
0.5366
0.53688
0.53717
0.53745
0.53773
0.53802
0.5383
0.53859
0.53887
0.53916
0.53944
0.53972
0.54001
0.54029
0.54058
0.54086
0.54114
0.54143
0.54171
0.542
0.54228
0.54256
0.54285
0.54313
0.54341
0.5437
0.54398
0.54427
0.54455
0.54483
0.54512
0.5454
0.54569
0.54597
0.54626
0.54654
0.54682
0.54711
0.54739
0.54768
0.54796
0.54824
0.54853
0.54881
0.54909
0.54938
0.54966
0.54995
0.55023
0.55051
0.5508
0.55108
0.55137
0.55165
0.55193
0.55222
0.5525
0.55279
0.55307
0.55336
0.55364
0.55392
0.55421
0.55449
0.55478
0.55506
0.55534
0.55563
0.55591
0.55619
0.55648
0.55676
0.55705
0.55733
0.55761
0.5579
0.55818
0.55847
0.55875
0.55903
0.55932
0.5596
0.55989
0.56017
0.56045
0.56074
0.56102
0.56131
0.56159
0.56187
0.56216
0.56244
0.56273
0.56301
0.56329
0.56358
0.56386
0.56415
0.56443
0.56471
0.565
0.56528
0.56557
0.56585
0.56613
0.56642
0.5667
0.56699
0.56727
0.56755
0.56784
0.56812
0.56841
0.56869
0.56897
0.56926
0.56954
0.56983
0.57011
0.57039
0.57068
0.57096
0.57125
0.57153
0.57181
0.5721
0.57238
0.57267
0.57295
0.57323
0.57352
0.5738
0.57409
0.57437
0.57465
0.57494
0.57522
0.57551
0.57579
0.57607
0.57636
0.57664
0.57693
0.57721
0.57749
0.57778
0.57806
0.57835
0.57863
0.57891
0.5792
0.57948
0.57977
0.58005
0.58033
0.58062
0.5809
0.58119
0.58147
0.58175
0.58204
0.58232
0.58261
0.58289
0.58317
0.58346
0.58374
0.58403
0.58431
0.58459
0.58488
0.58516
0.58545
0.58573
0.58601
0.5863
0.58658
0.58686
0.58715
0.58743
0.58772
0.588
0.58828
0.58857
0.58885
0.58914
0.58942
0.58971
0.58999
0.59027
0.59056
0.59084
0.59113
0.59141
0.59169
0.59198
0.59226
0.59254
0.59283
0.59311
0.5934
0.59368
0.59396
0.59425
0.59453
0.59482
0.5951
0.59539
0.59567
0.59595
0.59624
0.59652
0.59681
0.59709
0.59737
0.59766
0.59794
0.59823
0.59851
0.59879
0.59908
0.59936
0.59964
0.59993
0.60021
0.6005
0.60078
0.60106
0.60135
0.60163
0.60192
0.6022
0.60249
0.60277
0.60305
0.60334
0.60362
0.60391
0.60419
0.60447
0.60476
0.60504
0.60533
0.60561
0.60589
0.60618
0.60646
0.60674
0.60703
0.60731
0.6076
0.60788
0.60816
0.60845
0.60873
0.60902
0.6093
0.60959
0.60987
0.61015
0.61044
0.61072
0.61101
0.61129
0.61157
0.61186
0.61214
0.61242
0.61271
0.61299
0.61328
0.61356
0.61384
0.61413
0.61441
0.6147
0.61498
0.61526
0.61555
0.61583
0.61612
0.6164
0.61668
0.61697
0.61725
0.61754
0.61782
0.6181
0.61839
0.61867
0.61896
0.61924
0.61952
0.61981
0.62009
0.62038
0.62066
0.62094
0.62123
0.62151
0.6218
0.62208
0.62236
0.62265
0.62293
0.62322
0.6235
0.62378
0.62407
0.62435
0.62464
0.62492
0.6252
0.62549
0.62577
0.62606
0.62634
0.62662
0.62691
0.62719
0.62748
0.62776
0.62804
0.62833
0.62861
0.6289
0.62918
0.62946
0.62975
0.63003
0.63032
0.6306
0.63088
0.63117
0.63145
0.63174
0.63202
0.6323
0.63259
0.63287
0.63316
0.63344
0.63372
0.63401
0.63429
0.63458
0.63486
0.63514
0.63543
0.63571
0.636
0.63628
0.63656
0.63685
0.63713
0.63742
0.6377
0.63798
0.63827
0.63855
0.63884
0.63912
0.6394
0.63969
0.63997
0.64026
0.64054
0.64082
0.64111
0.64139
0.64168
0.64196
0.64224
0.64253
0.64281
0.64309
0.64338
0.64366
0.64395
0.64423
0.64451
0.6448
0.64508
0.64537
0.64565
0.64594
0.64622
0.6465
0.64679
0.64707
0.64736
0.64764
0.64792
0.64821
0.64849
0.64877
0.64906
0.64934
0.64963
0.64991
0.65019
0.65048
0.65076
0.65105
0.65133
0.65162
0.6519
0.65218
0.65247
0.65275
0.65304
0.65332
0.6536
0.65389
0.65417
0.65446
0.65474
0.65502
0.65531
0.65559
0.65587
0.65616
0.65644
0.65673
0.65701
0.65729
0.65758
0.65786
0.65815
0.65843
0.65872
0.659
0.65928
0.65957
0.65985
0.66014
0.66042
0.6607
0.66099
0.66127
0.66156
0.66184
0.66212
0.66241
0.66269
0.66297
0.66326
0.66354
0.66383
0.66411
0.66439
0.66468
0.66496
0.66525
0.66553
0.66582
0.6661
0.66638
0.66667
0.66695
0.66724
0.66752
0.6678
0.66809
0.66837
0.66865
0.66894
0.66922
0.66951
0.66979
0.67007
0.67036
0.67064
0.67093
0.67121
0.67149
0.67178
0.67206
0.67235
0.67263
0.67291
0.6732
0.67348
0.67377
0.67405
0.67433
0.67462
0.6749
0.67519
0.67547
0.67575
0.67604
0.67632
0.67661
0.67689
0.67717
0.67746
0.67774
0.67803
0.67831
0.67859
0.67888
0.67916
0.67945
0.67973
0.68001
0.6803
0.68058
0.68087
0.68115
0.68143
0.68172
0.682
0.68229
0.68257
0.68285
0.68314
0.68342
0.68371
0.68399
0.68427
0.68456
0.68484
0.68513
0.68541
0.68569
0.68598
0.68626
0.68655
0.68683
0.68711
0.6874
0.68768
0.68797
0.68825
0.68853
0.68882
0.6891
0.68939
0.68967
0.68995
0.69024
0.69052
0.69081
0.69109
0.69137
0.69166
0.69194
0.69223
0.69251
0.69279
0.69308
0.69336
0.69365
0.69393
0.69421
0.6945
0.69478
0.69507
0.69535
0.69563
0.69592
0.6962
0.69649
0.69677
0.69705
0.69734
0.69762
0.69791
0.69819
0.69847
0.69876
0.69904
0.69933
0.69961
0.69989
0.70018
0.70046
0.70074
0.70103
0.70131
0.7016
0.70188
0.70217
0.70245
0.70273
0.70302
0.7033
0.70359
0.70387
0.70415
0.70444
0.70472
0.705
0.70529
0.70557
0.70586
0.70614
0.70642
0.70671
0.70699
0.70728
0.70756
0.70784
0.70813
0.70841
0.7087
0.70898
0.70927
0.70955
0.70983
0.71012
0.7104
0.71069
0.71097
0.71125
0.71154
0.71182
0.7121
0.71239
0.71267
0.71296
0.71324
0.71352
0.71381
0.71409
0.71438
0.71466
0.71495
0.71523
0.71551
0.7158
0.71608
0.71637
0.71665
0.71693
0.71722
0.7175
0.71779
0.71807
0.71835
0.71864
0.71892
0.7192
0.71949
0.71977
0.72006
0.72034
0.72062
0.72091
0.72119
0.72148
0.72176
0.72205
0.72233
0.72261
0.7229
0.72318
0.72347
0.72375
0.72403
0.72432
0.7246
0.72489
0.72517
0.72545
0.72574
0.72602
0.7263
0.72659
0.72687
0.72716
0.72744
0.72772
0.72801
0.72829
0.72858
0.72886
0.72914
0.72943
0.72971
0.73
0.73028
0.73056
0.73085
0.73113
0.73142
0.7317
0.73198
0.73227
0.73255
0.73284
0.73312
0.7334
0.73369
0.73397
0.73426
0.73454
0.73482
0.73511
0.73539
0.73568
0.73596
0.73624
0.73653
0.73681
0.7371
0.73738
0.73766
0.73795
0.73823
0.73852
0.7388
0.73908
0.73937
0.73965
0.73994
0.74022
0.7405
0.74079
0.74107
0.74136
0.74164
0.74192
0.74221
0.74249
0.74278
0.74306
0.74334
0.74363
0.74391
0.7442
0.74448
0.74476
0.74505
0.74533
0.74562
0.7459
0.74618
0.74647
0.74675
0.74704
0.74732
0.7476
0.74789
0.74817
0.74846
0.74874
0.74902
0.74931
0.74959
0.74988
0.75016
0.75044
0.75073
0.75101
0.7513
0.75158
0.75186
0.75215
0.75243
0.75272
0.753
0.75328
0.75357
0.75385
0.75414
0.75442
0.7547
0.75499
0.75527
0.75556
0.75584
0.75612
0.75641
0.75669
0.75698
0.75726
0.75754
0.75783
0.75811
0.7584
0.75868
0.75896
0.75925
0.75953
0.75982
0.7601
0.76038
0.76067
0.76095
0.76123
0.76152
0.7618
0.76209
0.76237
0.76265
0.76294
0.76322
0.76351
0.76379
0.76407
0.76436
0.76464
0.76493
0.76521
0.7655
0.76578
0.76606
0.76635
0.76663
0.76692
0.7672
0.76748
0.76777
0.76805
0.76833
0.76862
0.7689
0.76919
0.76947
0.76975
0.77004
0.77032
0.77061
0.77089
0.77118
0.77146
0.77174
0.77203
0.77231
0.7726
0.77288
0.77316
0.77345
0.77373
0.77402
0.7743
0.77458
0.77487
0.77515
0.77543
0.77572
0.776
0.77629
0.77657
0.77685
0.77714
0.77742
0.77771
0.77799
0.77828
0.77856
0.77884
0.77913
0.77941
0.7797
0.77998
0.78026
0.78055
0.78083
0.78112
0.7814
0.78168
0.78197
0.78225
0.78253
0.78282
0.7831
0.78339
0.78367
0.78395
0.78424
0.78452
0.78481
0.78509
0.78538
0.78566
0.78594
0.78623
0.78651
0.78679
0.78708
0.78736
0.78765
0.78793
0.78821
0.7885
0.78878
0.78907
0.78935
0.78963
0.78992
0.7902
0.79049
0.79077
0.79105
0.79134
0.79162
0.79191
0.79219
0.79247
0.79276
0.79304
0.79333
0.79361
0.79389
0.79418
0.79446
0.79475
0.79503
0.79531
0.7956
0.79588
0.79617
0.79645
0.79673
0.79702
0.7973
0.79759
0.79787
0.79815
0.79844
0.79872
0.79901
0.79929
0.79957
0.79986
0.80014
0.80043
0.80071
0.80099
0.80128
0.80156
0.80185
0.80213
0.80241
0.8027
0.80298
0.80327
0.80355
0.80383
0.80412
0.8044
0.80469
0.80497
0.80525
0.80554
0.80582
0.80611
0.80639
0.80667
0.80696
0.80724
0.80753
0.80781
0.80809
0.80838
0.80866
0.80895
0.80923
0.80951
0.8098
0.81008
0.81037
0.81065
0.81093
0.81122
0.8115
0.81179
0.81207
0.81235
0.81264
0.81292
0.81321
0.81349
0.81377
0.81406
0.81434
0.81463
0.81491
0.81519
0.81548
0.81576
0.81605
0.81633
0.81661
0.8169
0.81718
0.81746
0.81775
0.81803
0.81832
0.8186
0.81888
0.81917
0.81945
0.81974
0.82002
0.8203
0.82059
0.82087
0.82116
0.82144
0.82173
0.82201
0.82229
0.82258
0.82286
0.82315
0.82343
0.82371
0.824
0.82428
0.82456
0.82485
0.82513
0.82542
0.8257
0.82598
0.82627
0.82655
0.82684
0.82712
0.8274
0.82769
0.82797
0.82826
0.82854
0.82883
0.82911
0.82939
0.82968
0.82996
0.83025
0.83053
0.83081
0.8311
0.83138
0.83166
0.83195
0.83223
0.83252
0.8328
0.83308
0.83337
0.83365
0.83394
0.83422
0.83451
0.83479
0.83507
0.83536
0.83564
0.83593
0.83621
0.83649
0.83678
0.83706
0.83735
0.83763
0.83791
0.8382
0.83848
0.83876
0.83905
0.83933
0.83962
0.8399
0.84018
0.84047
0.84075
0.84104
0.84132
0.84161
0.84189
0.84217
0.84246
0.84274
0.84302
0.84331
0.84359
0.84388
0.84416
0.84444
0.84473
0.84501
0.8453
0.84558
0.84586
0.84615
0.84643
0.84672
0.847
0.84728
0.84757
0.84785
0.84814
0.84842
0.8487
0.84899
0.84927
0.84956
0.84984
0.85012
0.85041
0.85069
0.85098
0.85126
0.85154
0.85183
0.85211
0.8524
0.85268
0.85296
0.85325
0.85353
0.85382
0.8541
0.85438
0.85467
0.85495
0.85524
0.85552
0.8558
0.85609
0.85637
0.85666
0.85694
0.85722
0.85751
0.85779
0.85808
0.85836
0.85864
0.85893
0.85921
0.8595
0.85978
0.86006
0.86035
0.86063
0.86092
0.8612
0.86148
0.86177
0.86205
0.86234
0.86262
0.8629
0.86319
0.86347
0.86376
0.86404
0.86432
0.86461
0.86489
0.86518
0.86546
0.86574
0.86603
0.86631
0.8666
0.86688
0.86716
0.86745
0.86773
0.86802
0.8683
0.86858
0.86887
0.86915
0.86944
0.86972
0.87
0.87029
0.87057
0.87086
0.87114
0.87142
0.87171
0.87199
0.87228
0.87256
0.87284
0.87313
0.87341
0.87369
0.87398
0.87426
0.87455
0.87483
0.87511
0.8754
0.87568
0.87597
0.87625
0.87653
0.87682
0.8771
0.87739
0.87767
0.87796
0.87824
0.87852
0.87881
0.87909
0.87938
0.87966
0.87994
0.88023
0.88051
0.88079
0.88108
0.88136
0.88165
0.88193
0.88221
0.8825
0.88278
0.88307
0.88335
0.88363
0.88392
0.8842
0.88449
0.88477
0.88506
0.88534
0.88562
0.88591
0.88619
0.88648
0.88676
0.88704
0.88733
0.88761
0.88789
0.88818
0.88846
0.88875
0.88903
0.88931
0.8896
0.88988
0.89017
0.89045
0.89074
0.89102
0.8913
0.89159
0.89187
0.89216
0.89244
0.89272
0.89301
0.89329
0.89358
0.89386
0.89414
0.89443
0.89471
0.89499
0.89528
0.89556
0.89585
0.89613
0.89641
0.8967
0.89698
0.89727
0.89755
0.89784
0.89812
0.8984
0.89869
0.89897
0.89926
0.89954
0.89982
0.90011
0.90039
0.90067
0.90096
0.90124
0.90153
0.90181
0.90209
0.90238
0.90266
0.90295
0.90323
0.90351
0.9038
0.90408
0.90437
0.90465
0.90493
0.90522
0.9055
0.90579
0.90607
0.90635
0.90664
0.90692
0.90721
0.90749
0.90777
0.90806
0.90834
0.90863
0.90891
0.90919
0.90948
0.90976
0.91005
0.91033
0.91061
0.9109
0.91118
0.91147
0.91175
0.91203
0.91232
0.9126
0.91289
0.91317
0.91345
0.91374
0.91402
0.91431
0.91459
0.91487
0.91516
0.91544
0.91573
0.91601
0.91629
0.91658
0.91686
0.91715
0.91743
0.91771
0.918
0.91828
0.91857
0.91885
0.91913
0.91942
0.9197
0.91999
0.92027
0.92055
0.92084
0.92112
0.92141
0.92169
0.92197
0.92226
0.92254
0.92283
0.92311
0.92339
0.92368
0.92396
0.92425
0.92453
0.92481
0.9251
0.92538
0.92567
0.92595
0.92623
0.92652
0.9268
0.92709
0.92737
0.92765
0.92794
0.92822
0.92851
0.92879
0.92907
0.92936
0.92964
0.92993
0.93021
0.93049
0.93078
0.93106
0.93134
0.93163
0.93191
0.9322
0.93248
0.93276
0.93305
0.93333
0.93362
0.9339
0.93419
0.93447
0.93475
0.93504
0.93532
0.93561
0.93589
0.93617
0.93646
0.93674
0.93702
0.93731
0.93759
0.93788
0.93816
0.93844
0.93873
0.93901
0.9393
0.93958
0.93986
0.94015
0.94043
0.94072
0.941
0.94129
0.94157
0.94185
0.94214
0.94242
0.94271
0.94299
0.94327
0.94356
0.94384
0.94412
0.94441
0.94469
0.94498
0.94526
0.94554
0.94583
0.94611
0.9464
0.94668
0.94696
0.94725
0.94753
0.94782
0.9481
0.94839
0.94867
0.94895
0.94924
0.94952
0.94981
0.95009
0.95037
0.95066
0.95094
0.95122
0.95151
0.95179
0.95208
0.95236
0.95264
0.95293
0.95321
0.9535
0.95378
0.95407
0.95435
0.95463
0.95492
0.9552
0.95549
0.95577
0.95605
0.95634
0.95662
0.95691
0.95719
0.95747
0.95776
0.95804
0.95832
0.95861
0.95889
0.95918
0.95946
0.95974
0.96003
0.96031
0.9606
0.96088
0.96116
0.96145
0.96173
0.96202
0.9623
0.96258
0.96287
0.96315
0.96344
0.96372
0.964
0.96429
0.96457
0.96486
0.96514
0.96542
0.96571
0.96599
0.96628
0.96656
0.96684
0.96713
0.96741
0.9677
0.96798
0.96826
0.96855
0.96883
0.96912
0.9694
0.96968
0.96997
0.97025
0.97054
0.97082
0.9711
0.97139
0.97167
0.97196
0.97224
0.97252
0.97281
0.97309
0.97338
0.97366
0.97394
0.97423
0.97451
0.9748
0.97508
0.97536
0.97565
0.97593
0.97622
0.9765
0.97678
0.97707
0.97735
0.97764
0.97792
0.9782
0.97849
0.97877
0.97906
0.97934
0.97962
0.97991
0.98019
0.98048
0.98076
0.98104
0.98133
0.98161
0.9819
0.98218
0.98246
0.98275
0.98303
0.98332
0.9836
0.98388
0.98417
0.98445
0.98474
0.98502
0.9853
0.98559
0.98587
0.98616
0.98644
0.98672
0.98701
0.98729
0.98757
0.98786
0.98814
0.98843
0.98871
0.98899
0.98928
0.98956
0.98985
0.99013
0.99042
0.9907
0.99098
0.99127
0.99155
0.99184
0.99212
0.9924
0.99269
0.99297
0.99325
0.99354
0.99382
0.99411
0.99439
0.99467
0.99496
0.99524
0.99553
0.99581
0.99609
0.99638
0.99666
0.99695
0.99723
0.99752
0.9978
0.99808
0.99837
0.99865
0.99894
0.99922
0.9995
0.99979
1.0001
1.0004
1.0006
1.0009
1.0012
1.0015
1.0018
1.0021
1.0023
1.0026
1.0029
1.0032
1.0035
1.0038
1.004
1.0043
1.0046
1.0049
1.0052
1.0055
1.0058
1.006
1.0063
1.0066
1.0069
1.0072
1.0075
1.0077
1.008
1.0083
1.0086
1.0089
1.0092
1.0094
1.0097
1.01
1.0103
1.0106
1.0109
1.0111
1.0114
1.0117
1.012
1.0123
1.0126
1.0129
1.0131
1.0134
1.0137
1.014
1.0143
1.0146
1.0148
1.0151
1.0154
1.0157
1.016
1.0163
1.0165
1.0168
1.0171
1.0174
1.0177
1.018
1.0182
1.0185
1.0188
1.0191
1.0194
1.0197
1.0199
1.0202
1.0205
1.0208
1.0211
1.0214
1.0217
1.0219
1.0222
1.0225
1.0228
1.0231
1.0234
1.0236
1.0239
1.0242
1.0245
1.0248
1.0251
1.0253
1.0256
1.0259
1.0262
1.0265
1.0268
1.0271
1.0273
1.0276
1.0279
1.0282
1.0285
1.0288
1.029
1.0293
1.0296
1.0299
1.0302
1.0305
1.0307
1.031
1.0313
1.0316
1.0319
1.0322
1.0324
1.0327
1.033
1.0333
1.0336
1.0339
1.0341
1.0344
1.0347
1.035
1.0353
1.0356
1.0359
1.0361
1.0364
1.0367
1.037
1.0373
1.0376
1.0378
1.0381
1.0384
1.0387
1.039
1.0393
1.0395
1.0398
1.0401
1.0404
1.0407
1.041
1.0413
1.0415
1.0418
1.0421
1.0424
1.0427
1.043
1.0432
1.0435
1.0438
1.0441
1.0444
1.0447
1.0449
1.0452
1.0455
1.0458
1.0461
1.0464
1.0466
1.0469
1.0472
1.0475
1.0478
1.0481
1.0483
1.0486
1.0489
1.0492
1.0495
1.0498
1.0501
1.0503
1.0506
1.0509
1.0512
1.0515
1.0518
1.052
1.0523
1.0526
1.0529
1.0532
1.0535
1.0537
1.054
1.0543
1.0546
1.0549
1.0552
1.0554
1.0557
1.056
1.0563
1.0566
1.0569
1.0572
1.0574
1.0577
1.058
1.0583
1.0586
1.0589
1.0591
1.0594
1.0597
1.06
1.0603
1.0606
1.0608
1.0611
1.0614
1.0617
1.062
1.0623
1.0625
1.0628
1.0631
1.0634
1.0637
1.064
1.0643
1.0645
1.0648
1.0651
1.0654
1.0657
1.066
1.0662
1.0665
1.0668
1.0671
1.0674
1.0677
1.0679
1.0682
1.0685
1.0688
1.0691
1.0694
1.0696
1.0699
1.0702
1.0705
1.0708
1.0711
1.0714
1.0716
1.0719
1.0722
1.0725
1.0728
1.0731
1.0733
1.0736
1.0739
1.0742
1.0745
1.0748
1.075
1.0753
1.0756
1.0759
1.0762
1.0765
1.0767
1.077
1.0773
1.0776
1.0779
1.0782
1.0785
1.0787
1.079
1.0793
1.0796
1.0799
1.0802
1.0804
1.0807
1.081
1.0813
1.0816
1.0819
1.0821
1.0824
1.0827
1.083
1.0833
1.0836
1.0838
1.0841
1.0844
1.0847
1.085
1.0853
1.0856
1.0858
1.0861
1.0864
1.0867
1.087
1.0873
1.0875
1.0878
1.0881
1.0884
1.0887
1.089
1.0892
1.0895
1.0898
1.0901
1.0904
1.0907
1.0909
1.0912
1.0915
1.0918
1.0921
1.0924
1.0927
1.0929
1.0932
1.0935
1.0938
1.0941
1.0944
1.0946
1.0949
1.0952
1.0955
1.0958
1.0961
1.0963
1.0966
1.0969
1.0972
1.0975
1.0978
1.098
1.0983
1.0986
1.0989
1.0992
1.0995
1.0998
1.1
1.1003
1.1006
1.1009
1.1012
1.1015
1.1017
1.102
1.1023
1.1026
1.1029
1.1032
1.1034
1.1037
1.104
1.1043
1.1046
1.1049
1.1051
1.1054
1.1057
1.106
1.1063
1.1066
1.1069
1.1071
1.1074
1.1077
1.108
1.1083
1.1086
1.1088
1.1091
1.1094
1.1097
1.11
1.1103
1.1105
1.1108
1.1111
1.1114
1.1117
1.112
1.1122
1.1125
1.1128
1.1131
1.1134
1.1137
1.114
1.1142
1.1145
1.1148
1.1151
1.1154
1.1157
1.1159
1.1162
1.1165
1.1168
1.1171
1.1174
1.1176
1.1179
1.1182
1.1185
1.1188
1.1191
1.1193
1.1196
1.1199
1.1202
1.1205
1.1208
1.1211
1.1213
1.1216
1.1219
1.1222
1.1225
1.1228
1.123
1.1233
1.1236
1.1239
1.1242
1.1245
1.1247
1.125
1.1253
1.1256
1.1259
1.1262
1.1264
1.1267
1.127
1.1273
1.1276
1.1279
1.1282
1.1284
1.1287
1.129
1.1293
1.1296
1.1299
1.1301
1.1304
1.1307
1.131
1.1313
1.1316
1.1318
1.1321
1.1324
1.1327
1.133
1.1333
1.1335
1.1338
1.1341
1.1344
1.1347
1.135
1.1353
1.1355
1.1358
1.1361
1.1364
1.1367
1.137
1.1372
1.1375
1.1378
1.1381
1.1384
1.1387
1.1389
1.1392
1.1395
1.1398
1.1401
1.1404
1.1406
1.1409
1.1412
1.1415
1.1418
1.1421
1.1423
1.1426
1.1429
1.1432
1.1435
1.1438
1.1441
1.1443
1.1446
1.1449
1.1452
1.1455
1.1458
1.146
1.1463
1.1466
1.1469
1.1472
1.1475
1.1477
1.148
1.1483
1.1486
1.1489
1.1492
1.1495
1.1497
1.15
1.1503
1.1506
1.1509
1.1512
1.1514
1.1517
1.152
1.1523
1.1526
1.1529
1.1531
1.1534
1.1537
1.154
1.1543
1.1546
1.1548
1.1551
1.1554
1.1557
1.156
1.1563
1.1565
1.1568
1.1571
1.1574
1.1577
1.158
1.1583
1.1585
1.1588
1.1591
1.1594
1.1597
1.16
1.1602
1.1605
1.1608
1.1611
1.1614
1.1617
1.1619
1.1622
1.1625
1.1628
1.1631
1.1634
1.1636
1.1639
1.1642
1.1645
1.1648
1.1651
1.1654
1.1656
1.1659
1.1662
1.1665
1.1668
1.1671
1.1673
1.1676
1.1679
1.1682
1.1685
1.1688
1.169
1.1693
1.1696
1.1699
1.1702
1.1705
1.1707
1.171
1.1713
1.1716
1.1719
1.1722
1.1725
1.1727
1.173
1.1733
1.1736
1.1739
1.1742
1.1744
1.1747
1.175
1.1753
1.1756
1.1759
1.1761
1.1764
1.1767
1.177
1.1773
1.1776
1.1778
1.1781
1.1784
1.1787
1.179
1.1793
1.1796
1.1798
1.1801
1.1804
1.1807
1.181
1.1813
1.1815
1.1818
1.1821
1.1824
1.1827
1.183
1.1832
1.1835
1.1838
1.1841
1.1844
1.1847
1.1849
1.1852
1.1855
1.1858
1.1861
1.1864
1.1867
1.1869
1.1872
1.1875
1.1878
1.1881
1.1884
1.1886
1.1889
1.1892
1.1895
1.1898
1.1901
1.1903
1.1906
1.1909
1.1912
1.1915
1.1918
1.192
1.1923
1.1926
1.1929
1.1932
1.1935
1.1938
1.194
1.1943
1.1946
1.1949
1.1952
1.1955
1.1957
1.196
1.1963
1.1966
1.1969
1.1972
1.1974
1.1977
1.198
1.1983
1.1986
1.1989
1.1991
1.1994
1.1997
