-0.18104364
0.32672451
0.85566947
1.04604952
1.17722956
1.03337512
1.05032713
0.84721987
0.77523984
0.71176222
1.01642311
1.01642311
0.88107108
1.16455516
1.13492875
1.09262794
0.83026786
0.68641342
0.70331262
0.85561666
1.09685274
1.17305757
1.27455839
1.20685597
1.06722633
1.23225758
1.17722956
0.9910215
0.9656727
0.91909428
1.02492552
0.91914709
1.09679993
1.27450558
1.24075999
1.19840637
1.321084
1.17722956
1.13065114
1.12220154
1.14760315
0.94449589
1.02915032
0.98262471
1.28295518
1.22380798
1.10952714
1.17722956
1.35071041
1.18145436
1.10952714
1.21530557
1.06717352
0.90219508
1.00797351
1.01219831
0.9572231
1.24065437
1.24070718
0.95294549
1.13070395
1.19840637
1.10957995
1.11797674
1.13492875
0.92754388
0.88952068
1.07990073
1.03337512
1.25760638
1.03759992
1.15610556
1.10107754
1.13070395
1.07990073
1.02487271
0.82181826
0.82604306
0.81754065
0.90641988
1.02064791
1.17295195
1.3253088
1.08835033
1.02064791
0.9445487
1.14755034
0.86834387
0.9741223
1.00797351
0.88952068
0.9614479
1.03337512
1.13070395
1.09685274
1.17300476
1.17722956
1.03337512
1.08417834
1.13070395
0.85989427
0.9403239
0.75828783
1.00374871
0.99107431
1.11797674
1.27033359
1.18573197
1.17305757
1.17722956
1.04604952
1.05877673
0.88529588
0.85566947
0.84294226
0.87679347
1.13070395
1.19840637
1.34226081
1.34226081
1.05032713
1.13915355
1.07572874
0.94872069
0.71176222
0.79636384
1.09690555
1.24070718
1.12642634
1.16872715
1.17300476
1.11797674
0.9741223
0.91064468
1.0079207
1.0036959
1.09690555
0.81331585
0.80914386
1.10107754
1.05872392
1.06294872
1.02492552
1.14337835
1.06300153
1.32536161
1.22380798
1.08412553
0.78791424
0.9276495
1.00374871
1.02497833
1.07567593
1.3126344
1.35921282
1.0036959
0.99107431
1.07567593
1.04599671
0.83871746
0.82604306
0.85561666
0.9656727
1.10530234
1.16455516
1.09252232
1.04187753
1.13915355
1.12647915
1.00374871
0.89374548
0.91069749
0.6482846
0.81331585
0.89791747
0.88529588
0.99107431
1.08845595
1.03337512
0.86411907
0.99529911
1.02070072
1.07990073
0.99529911
0.77523984
0.90219508
0.88529588
1.02492552
0.98684951
1.11375194
1.06300153
1.05877673
1.07562312
1.03759992
0.83026786
1.06722633
1.28723279
0.89802309
0.88946787
1.08835033
1.33803601
1.23653519
1.24493198
1.05449912
1.08835033
1.07995354
1.09262794
0.94872069
0.80064145
0.9994711
0.99107431
1.22380798
1.32536161
1.24493198
1.05449912
1.05037994
1.01219831
1.06294872
1.08835033
1.08840314
0.92754388
0.9360991
1.12225435
1.16877996
1.02492552
1.24070718
1.29990719
1.13915355
0.9825719
0.91069749
0.9656727
0.89797028
0.73288622
0.97417511
0.89374548
1.10957995
1.17295195
1.09257513
0.90224789
0.9572231
1.24487917
1.14755034
0.91069749
0.63566301
0.75411584
0.66523661
0.87679347
0.98262471
1.01219831
1.10107754
1.15605275
0.92331908
0.87251586
0.86411907
0.85139186
0.76679024
0.66523661
0.73716383
0.83449266
1.09257513
1.09262794
0.92337189
1.15177514
0.96561989
0.08131644
0.660959
0.99952391
1.14337835
1.43958964
1.10107754
0.9698975
1.13920636
0.99107431
0.88952068
1.02909751
1.01225112
1.05872392
1.19418157
1.01219831
0.68213581
0.59753419
1.00802632
1.08412553
1.07145113
1.11369913
1.13915355
0.9656727
1.09262794
0.94027109
0.90641988
0.82604306
0.6271606
0.77946464
0.83443985
1.02915032
1.05027432
0.93604629
1.00802632
1.04604952
0.87679347
0.9867967
1.01219831
0.85139186
0.83882308
0.89797028
0.84294226
0.84721987
0.91486948
0.56368298
1.05449912
1.00374871
1.06722633
0.9572231
0.86839668
0.72448943
0.73716383
0.63555739
0.85139186
0.92759669
0.9783471
0.9529983
1.07567593
1.02492552
1.02487271
0.9529983
0.82176545
0.67368621
0.83871746
1.03332231
1.08412553
1.06727914
1.18140155
1.00374871
0.91064468
0.93182149
1.09257513
1.07995354
1.10530234
0.94449589
0.80481344
0.88107108
0.90641988
0.91909428
1.06294872
0.93604629
1.02064791
1.06300153
1.14755034
1.02487271
1.00374871
0.81759346
0.72871423
0.83449266
1.01219831
1.02064791
1.17722956
1.07562312
1.10952714
1.04182472
0.9952463
0.92754388
0.75411584
0.77106785
0.66946141
0.89374548
1.07567593
1.18150717
0.9149751
0.99957672
0.90219508
0.93182149
0.84294226
0.9698975
0.78374225
0.76679024
0.82181826
0.91486948
0.85144467
0.88524307
0.99529911
1.06722633
1.07145113
0.91909428
1.09257513
1.05032713
0.85989427
0.74561343
0.79213904
0.93599348
0.88952068
1.10107754
1.10530234
1.03332231
1.09262794
1.02909751
1.06722633
0.9910215
0.9614479
0.68641342
0.76261825
0.83454547
0.89374548
1.01219831
1.19840637
1.10530234
0.99952391
1.02487271
1.03759992
0.9234247
0.91064468
0.83866465
0.82176545
0.87684628
1.02064791
1.13492875
1.10524953
0.85989427
1.03342793
1.07990073
0.88107108
0.81754065
0.82176545
0.78368944
0.9445487
0.9783471
1.06722633
1.14337835
1.18145436
1.16877996
1.06717352
1.12220154
1.27455839
1.16455516
0.92759669
0.85144467
0.84294226
1.17300476
1.18990396
1.18567916
1.14755034
1.25343439
1.05877673
1.10952714
1.13487594
1.03759992
0.86829106
0.90219508
1.16455516
1.18990396
1.16877996
1.3126344
1.3168592
1.13492875
1.10107754
1.07145113
1.10952714
0.9572231
0.90219508
0.94444308
1.16450235
1.18567916
1.10107754
1.19418157
1.19840637
1.06294872
0.99957672
1.23225758
1.25765919
0.9741223
0.9276495
1.10107754
1.06305434
1.01225112
1.07150394
1.21530557
1.21108077
1.05455193
0.94449589
1.01219831
1.13487594
0.89374548
0.80909105
0.82181826
0.93604629
0.86834387
0.94027109
0.89791747
0.9614479
0.96139509
1.07995354
0.93182149
0.84299507
0.90641988
0.9445487
0.89797028
0.71181503
0.92759669
1.00797351
0.97839991
0.87679347
0.9952463
1.10530234
1.07567593
1.09685274
0.88096546
0.58485979
0.78374225
0.78374225
1.00380152
1.08412553
1.10524953
1.20263117
1.06300153
0.94027109
0.90647269
0.85139186
0.84716706
0.9445487
1.04610233
1.32958641
1.38883923
1.13065114
1.01642311
1.10530234
1.22380798
1.14760315
1.13492875
1.04182472
1.20263117
1.19840637
1.18567916
1.14760315
1.25338158
1.34226081
1.25765919
1.24070718
1.3126344
1.22380798
1.21108077
1.15610556
0.99535192
0.94027109
1.10530234
1.17722956
0.82604306
1.10952714
1.2957352
1.43953683
1.42686243
1.2957352
1.12225435
1.08840314
0.88529588
0.86834387
1.11797674
1.27878319
1.36766242
1.32103119
1.21953037
1.08835033
1.07984792
1.21530557
1.25338158
0.95717029
0.9867967
1.18567916
1.08840314
0.99529911
1.07990073
1.11380475
1.00802632
1.21953037
1.04604952
1.13915355
1.16450235
1.08835033
0.78791424
0.74566624
0.9487735
1.0079207
1.10107754
1.07567593
1.18145436
1.44803924
1.13070395
1.10107754
0.76679024
1.05449912
0.9529983
1.04187753
1.02487271
1.10952714
1.13910074
1.24920959
1.24065437
1.21530557
1.19418157
1.01225112
1.16455516
1.02064791
0.74983823
0.92754388
1.08412553
1.0036959
1.16877996
1.38461443
1.29145759
1.02070072
0.90219508
1.04182472
0.92759669
0.81754065
0.89374548
0.94021828
0.90224789
1.05449912
1.21530557
1.09262794
0.94449589
0.91909428
1.10102473
1.05455193
0.87679347
0.61438058
0.77101504
0.82181826
0.84716706
0.99107431
0.9783471
1.00797351
1.04182472
0.88529588
1.05032713
1.00380152
0.9403239
0.618711
0.71170941
0.79219185
0.86829106
1.02492552
1.05027432
0.96561989
1.19418157
1.13915355
1.11797674
1.10530234
0.99952391
0.87679347
0.81754065
0.87684628
0.9783471
1.18567916
1.23648238
1.20685597
1.20680316
1.25343439
1.13910074
0.88524307
0.88101827
0.73721664
0.9783471
1.00802632
1.05027432
1.14337835
1.18567916
1.21108077
1.03337512
0.83454547
0.94872069
1.07145113
1.11797674
0.9825719
0.67796382
0.9910215
1.08412553
0.90214227
0.95294549
1.20268398
1.12647915
1.09685274
1.16033036
0.97829429
0.89797028
0.81331585
0.85144467
0.75406303
0.93182149
1.20257836
1.17717675
1.24070718
0.95294549
0.9403239
1.11375194
1.12642634
0.78374225
0.90636707
1.01647592
1.03759992
1.16027755
1.13065114
1.3126344
1.22380798
1.24915678
1.10524953
1.03332231
1.27455839
1.05455193
1.01219831
1.11792393
1.04187753
1.21958318
1.2957352
1.2872856
0.80909105
1.04604952
1.36343762
1.2830608
1.04610233
0.9614479
1.07145113
1.13070395
1.06722633
1.10952714
1.18990396
1.20263117
1.25338158
1.27028078
1.27033359
1.23220477
1.09685274
1.08835033
1.03765273
0.85139186
0.94872069
1.11375194
1.27878319
1.22797997
1.27455839
1.24493198
1.02492552
0.94027109
0.9572231
0.80486625
0.88101827
1.10102473
1.16872715
1.11792393
1.12220154
1.25338158
1.30413199
0.9741223
0.91914709
1.03759992
1.07995354
0.81754065
0.85561666
1.01642311
1.09679993
1.23225758
0.98684951
1.00802632
1.08835033
1.04187753
1.04182472
1.18150717
1.20263117
0.87684628
0.67368621
0.95294549
0.9698975
0.83871746
1.02915032
1.20680316
1.19412876
1.18995677
1.3084096
1.20263117
0.96995031
0.69908782
0.576463
0.73299184
1.06717352
1.29990719
1.23648238
1.07567593
1.15188076
1.07990073
0.86834387
0.9403239
0.96139509
1.09257513
0.94449589
1.15605275
1.3168592
1.24070718
1.0121455
0.85989427
0.99529911
1.16877996
0.99107431
1.08840314
1.07984792
0.95294549
0.99529911
0.88524307
1.08835033
1.07984792
1.09679993
1.11802955
1.18995677
1.2830608
1.32958641
1.05872392
1.07150394
0.75406303
0.79646946
1.07990073
1.11369913
1.08835033
1.15182795
1.41841283
1.26610879
0.85989427
0.42827814
0.83021505
1.03759992
1.02915032
1.14755034
1.24915678
1.27033359
1.21530557
1.19412876
0.9572231
0.9572231
1.21530557
1.13492875
0.99529911
0.81754065
0.73721664
0.84294226
1.20268398
1.35493521
1.03759992
0.99529911
0.88957349
1.06300153
0.99529911
1.16027755
1.07990073
0.87679347
0.85984146
1.04610233
1.07990073
1.05027432
1.07567593
1.04604952
1.10107754
1.27033359
0.9867967
0.99529911
1.06722633
0.91064468
0.59330939
0.88529588
0.91486948
1.06722633
1.07995354
1.00380152
1.13492875
1.11802955
1.16872715
1.08835033
1.05027432
0.94021828
0.99952391
1.07990073
1.11797674
1.3084096
1.12642634
1.01647592
1.3084096
1.35071041
1.21108077
1.25760638
1.22803278
0.96572551
0.83021505
0.91909428
1.34226081
1.16877996
1.10952714
1.24915678
1.51996646
1.24915678
1.05032713
1.17300476
1.09262794
1.08412553
1.05032713
0.92759669
1.08412553
1.15605275
1.10524953
1.02064791
1.14337835
1.29568239
1.27455839
0.93599348
0.69908782
0.82181826
0.70753742
0.83871746
0.91069749
0.9910215
1.05449912
1.11375194
1.06722633
0.80064145
0.9867967
0.86411907
0.57213258
0.74561343
0.76256544
0.85144467
1.03759992
0.94449589
0.9656727
0.91909428
1.18145436
1.16460797
1.07145113
0.89791747
0.83449266
0.75411584
0.9656727
1.08417834
1.06722633
1.14760315
1.21108077
1.24493198
1.18150717
1.16450235
1.21108077
0.9910215
0.94449589
0.97417511
0.92759669
1.03337512
1.06722633
1.19840637
1.22797997
1.10952714
1.3168592
1.08840314
0.94872069
1.19840637
0.98684951
0.93182149
1.18150717
1.14760315
0.9656727
1.09679993
1.28717998
1.16033036
1.18990396
1.15605275
1.21953037
1.01225112
0.76261825
0.74989104
0.73716383
0.74989104
0.96995031
1.03337512
0.95294549
1.27455839
1.21958318
1.07145113
1.05032713
0.80058864
0.74138863
0.6144862
0.83866465
0.9572231
1.09262794
1.14337835
1.21953037
1.13070395
1.16455516
1.02915032
1.03337512
0.94449589
0.77523984
0.85144467
0.92337189
0.9529983
1.02915032
1.24065437
1.02909751
1.01219831
1.14760315
1.23225758
1.11802955
1.07990073
1.10952714
0.95717029
0.84299507
0.91914709
1.11797674
1.13915355
1.24493198
1.17300476
1.2957352
1.21953037
1.10107754
0.94027109
0.9487735
0.9614479
1.09257513
1.13065114
1.21535838
1.27455839
1.3084096
1.20685597
1.23653519
1.30835679
1.07990073
0.85144467
0.97839991
1.10530234
0.99952391
1.16877996
1.3506576
1.18995677
1.19412876
1.30835679
1.19835356
1.26610879
1.19835356
1.18145436
1.0036959
1.02909751
1.02075353
1.31258159
1.16455516
1.24915678
1.13070395
1.30413199
1.29145759
1.33381121
1.13492875
0.9529983
0.96984469
1.07139832
1.09685274
1.14765596
1.29568239
1.34226081
1.321084
1.41418803
1.27455839
1.26610879
1.16455516
1.12642634
0.94872069
0.99529911
1.14337835
1.18573197
1.19835356
1.21530557
1.38028401
1.38878642
1.22375517
1.31691201
1.16450235
1.02070072
1.01225112
1.08417834
1.10530234
1.19840637
1.3506576
1.35921282
1.3379832
1.21113358
1.13065114
1.21108077
1.12647915
0.94449589
1.04604952
1.13070395
1.04187753
1.25765919
1.31258159
1.13920636
1.3084096
1.39728883
1.278836
1.29568239
1.27878319
1.02492552
0.99529911
0.96561989
1.08840314
0.94872069
1.23648238
1.42691524
1.57494167
1.61301768
1.43531203
1.35498802
1.36343762
1.08412553
1.04187753
1.21525276
1.23225758
1.19835356
1.3168592
1.50306726
1.44803924
1.44803924
1.48611525
1.35071041
1.07567593
1.17295195
1.20685597
1.25765919
1.34231362
1.38461443
1.3126344
1.39723602
1.51996646
1.2703864
1.38878642
1.3041848
1.05027432
1.22803278
1.13915355
1.17300476
1.20263117
1.19840637
1.27028078
1.38038963
1.38456162
1.28723279
1.31268721
1.41418803
1.19835356
0.93604629
1.05877673
1.26605598
1.05872392
1.24498479
1.55376486
1.38038963
1.40568562
1.3253088
1.44381444
1.25760638
1.04182472
1.12642634
1.02915032
1.09685274
1.34653842
1.38033682
1.57499448
1.44809205
1.42263763
1.44376163
1.40568562
1.21953037
1.27033359
1.21958318
1.16455516
1.20680316
1.21108077
1.37611202
1.45226404
1.54536807
1.40146082
1.59611848
1.6426969
1.49034005
1.10952714
1.24920959
1.3379832
1.51574166
1.46921605
1.55809528
1.61724248
1.60462089
1.55381767
1.56649207
1.55381767
1.57504729
1.42263763
1.28295518
1.17722956
1.38456162
1.67232331
1.54959287
1.54114327
1.62574489
1.80767534
1.59611848
1.38033682
1.3379832
1.14760315
1.11380475
1.17717675
1.48189045
1.53686566
1.51991365
1.52841606
1.46921605
1.55804247
1.45648884
1.37194003
1.22375517
1.2746112
1.25338158
1.40568562
1.43953683
1.46071364
1.51991365
1.44376163
1.35071041
1.55798966
1.58766888
1.44381444
1.35916001
1.13910074
1.34648561
1.33803601
1.53269367
1.50729206
1.43958964
1.6384721
1.55381767
1.54536807
1.48183764
1.37605921
1.342208
1.27878319
1.24070718
1.41413522
1.47338804
1.68499771
1.62574489
1.67654811
1.64264409
1.57499448
1.76114973
1.45231685
1.14337835
1.38456162
1.60884569
1.35493521
1.40568562
1.57921928
1.60034328
1.65109369
1.49451204
1.50301445
1.56649207
1.47344085
1.25338158
1.21108077
1.24487917
1.43531203
1.39728883
1.53269367
1.49034005
1.60039609
1.50301445
1.55804247
1.52841606
1.18150717
1.21958318
1.24493198
1.33803601
1.40151363
1.36343762
1.52846887
1.67232331
1.56232008
1.58766888
1.58766888
1.45231685
1.46499125
1.3126344
1.39301122
1.35076322
1.40991042
1.55387048
1.51574166
1.54959287
1.57494167
1.52419126
1.63419449
1.57076968
1.50729206
1.50301445
1.44381444
1.42263763
1.38033682
1.53269367
1.55804247
1.58339127
1.61729529
1.75270013
1.73997292
1.57921928
1.49034005
1.35071041
1.37605921
1.48611525
1.45226404
1.66809851
1.74847533
1.6849449
1.68922251
1.71039932
1.67654811
1.58772169
1.46493844
1.21530557
1.19840637
1.43964245
1.60034328
1.6722705
1.61301768
1.61307049
1.64686889
1.65531849
1.6300225
1.50723925
1.35076322
1.42686243
1.38456162
1.43531203
1.53264086
1.61729529
1.59611848
1.72729852
1.56226727
1.6553713
1.60884569
1.57916647
1.24920959
1.278836
1.44809205
1.51151686
1.54531526
1.46076645
1.61729529
1.71884892
1.78232654
1.74847533
1.68927532
1.61729529
1.3126344
1.3041848
1.28300799
1.36343762
1.47344085
1.6511465
1.68077291
1.74842252
1.76959933
1.69772492
1.71884892
1.62146728
1.35921282
1.28723279
1.42258482
1.63419449
1.58766888
1.72307372
1.70617452
1.59617129
1.64697451
1.81617775
0.82604306
1.22803278
1.39723602
1.6469217
1.73157613
1.83307695
1.84585697
1.78227373
1.77377132
1.71879611
1.67232331
1.52841606
1.6342473
1.53686566
1.37605921
1.44381444
1.54114327
1.47761284
1.49456485
1.71462412
1.79500094
1.76959933
1.79077614
1.80350335
1.72302091
1.49028724
1.29996
1.29996
1.48611525
1.60884569
1.6595961
1.58344408
1.62152009
1.73580093
1.58772169
1.71462412
1.75692493
1.6807201
1.61729529
1.46921605
1.69772492
1.78232654
1.85425376
1.87537776
1.86270336
1.95580739
1.89655457
2.0192322
1.82462735
1.65954329
1.6764953
1.60039609
1.60462089
1.75697774
1.95158259
1.92195618
1.85847856
2.08270982
1.96425699
1.89232977
1.68927532
1.77387694
1.54536807
1.69772492
1.68499771
1.81617775
1.80345054
1.87120577
1.91767857
1.72729852
1.77387694
1.97270659
1.90077937
1.52424407
1.65531849
1.49456485
1.49034005
1.68499771
1.60034328
1.45654165
1.49456485
1.69344731
1.87120577
1.72307372
1.51996646
1.3041848
1.44381444
1.49884246
1.33803601
1.28300799
1.49878965
1.59617129
1.58766888
1.6553713
1.56232008
1.74425053
1.51151686
1.38450881
1.3464328
1.46071364
1.6680457
1.61307049
1.74002573
1.61301768
1.72307372
1.73157613
1.67232331
1.73574812
1.60879288
1.57076968
1.54959287
1.40151363
1.49456485
1.6891697
1.55381767
1.76114973
1.91778419
1.72729852
1.77387694
1.71039932
1.55804247
1.56649207
1.49456485
1.58766888
1.75687212
1.79500094
2.00228019
2.0276818
2.0065578
2.08270982
2.04040901
1.80345054
1.51991365
1.62996969
1.64686889
1.69350012
1.71462412
1.9643098
2.03195941
1.93463058
1.89232977
1.96425699
1.80767534
1.79500094
1.79072333
1.50301445
1.62996969
1.61301768
1.72307372
1.73580093
1.85847856
1.85425376
2.07008823
2.01083541
1.76114973
1.66799289
1.76120254
1.40146082
1.37611202
1.60039609
1.76959933
1.62152009
1.76114973
1.99805539
1.88388017
1.78660415
1.81612494
1.74842252
1.62996969
1.60462089
1.68922251
1.79077614
1.70189691
1.85002896
1.86270336
1.94735779
1.9938834
1.92195618
1.87965537
1.91350658
1.6469217
1.68499771
1.78232654
1.87115296
1.63419449
2.04040901
2.09960902
1.98960579
1.88388017
1.88382736
1.9769842
1.77810174
1.76959933
1.6511465
1.76537453
1.6680457
1.92618098
1.71039932
1.98115619
1.91345377
1.90072656
2.01083541
1.88810497
1.85002896
1.58344408
1.56649207
1.50729206
1.55804247
1.6384721
1.81195295
1.76959933
1.73147051
1.87960256
1.86270336
1.86265055
1.77804893
1.6764953
1.76542734
1.83312976
1.43531203
1.6595961
1.92195618
2.04891142
1.92618098
1.83735456
1.65531849
1.96848179
1.76537453
1.62574489
1.81612494
1.85847856
1.96425699
1.99383059
1.89232977
2.04040901
2.07431303
1.66387371
1.82457454
1.81617775
1.78232654
1.87537776
1.85842575
1.71884892
1.82462735
1.89232977
1.85002896
1.6511465
2.0107826
2.09960902
2.06158582
1.86270336
1.73997292
1.73574812
1.63841929
1.6384721
1.76109692
1.70194972
1.79922574
1.85842575
1.93463058
1.79927855
1.74419772
1.86270336
1.72729852
1.48611525
1.43536484
1.6553713
1.85425376
1.79922574
1.79072333
1.93040578
1.84997615
1.82885215
1.86692816
1.69344731
1.72302091
1.6511465
1.48183764
1.71457131
1.83307695
1.50306726
1.65954329
1.77810174
1.87537776
2.03618421
2.21806185
1.90077937
1.62574489
1.49034005
1.73152332
1.65964891
1.69767211
1.69772492
1.96003219
1.93463058
2.08698743
2.18003865
2.10388663
2.09115942
1.87965537
1.72735133
1.75692493
1.87115296
1.81190014
1.98115619
1.96425699
2.01083541
2.20971787
2.07848502
2.05736102
1.88388017
1.72307372
1.81190014
1.68922251
1.9769842
2.06153301
1.96848179
2.04468662
2.11238904
2.13351304
2.21388986
2.03195941
1.95580739
1.78232654
1.84152655
2.00661061
1.89655457
2.08270982
1.9896586
2.18003865
2.044581
1.96425699
2.0319066
1.981209
1.82040255
2.02350981
1.85847856
1.9727594
1.81617775
2.12501063
2.002333
1.92618098
2.09966183
2.0150074
2.28581708
2.09115942
1.82468016
1.89655457
1.82885215
1.83735456
1.9854338
1.9727594
2.09115942
2.20126827
2.19699066
2.03195941
2.29004188
2.12078583
1.9474106
1.6891697
1.78655134
1.9981082
2.07003542
1.90077937
2.28581708
2.08693462
2.25201868
2.22661707
2.05736102
2.03201222
2.09543703
2.00228019
2.02350981
2.03195941
2.05308341
2.19699066
2.32811789
2.52277555
2.31121869
2.3239459
2.3492947
2.33234269
2.21811466
2.03195941
2.18426345
2.20966506
2.19276586
2.18854106
2.31121869
2.17581385
2.42122192
2.48475235
2.61593239
2.43389632
2.21388986
2.3281707
2.05736102
2.08693462
2.32811789
2.42549953
2.47624994
2.45512594
2.59475558
2.48892434
2.47624994
2.30276909
2.07848502
2.33234269
2.27314268
2.38737071
2.28159228
2.30271628
2.64550599
2.65390278
2.50587635
2.57357877
2.54395236
2.71320841
2.31544349
2.17586666
2.46780034
2.55245477
2.31966829
2.50165155
2.59470277
2.70475881
2.6371092
2.66662999
2.56507636
2.39582031
2.42544672
2.41699712
2.3408451
2.42122192
2.26041547
2.39164832
2.49320195
2.65395559
2.63277878
2.67085479
2.64128119
2.42127473
2.39164832
2.37469631
2.45935074
2.3492947
2.48897715
2.683582
2.88246446
2.683582
2.67085479
2.82743644
2.683582
2.48897715
2.59892757
2.42972433
2.50592916
2.7216052
2.87401486
2.7216052
2.88668926
3.0474429
3.11092052
2.88668926
2.96284128
2.86134046
2.92476527
3.0263189
3.05594531
3.04749571
3.17862294
3.20824935
3.48750863
3.47483423
3.28022938
3.38600781
3.40295982
3.21669895
3.08551891
3.3352574
3.364831
3.15322133
3.28017657
3.49173343
3.61868867
3.41558141
3.30130057
3.51291024
3.51291024
3.48756144
3.17445095
3.25482777
3.41558141
3.58066547
3.45365742
3.55948866
3.56371346
3.75409351
3.63141588
3.69484069
3.50868544
3.56793826
3.7329167
3.57633505
3.56793826
3.70329029
3.61446387
3.7160175
3.96142557
3.99955439
4.088328
4.18143203
4.20260884
3.94875117
3.76676791
4.02490319
4.03335279
4.0714288
4.18143203
4.36336248
4.3803673
4.3972665
4.4183905
4.4268401
4.43534251
4.29148807
4.40999371
4.49459533
4.63850258
4.68497538
4.7569026
4.90498184
4.86268103
4.95583787
5.16311712
5.08268749
5.14199312
5.29012517
5.09546751
5.29007236
5.37472679
5.40863081
5.26467075
5.62858446
5.60318285
5.81051491
5.84436612
5.81896451
5.95442216
5.96704375
5.83163891
5.90789655
5.88244213
6.06865019
6.26330785
6.42400868
6.49176391
6.53411753
6.66941675
6.61449435
5.53975804
6.05175099
6.4156647
6.52139032
6.72449758
6.96150886
7.16456331
7.38879457
7.40997138
7.43954498
7.66815947
7.77810989
7.71040747
7.8288603
7.74848348
7.90501232
8.07009638
8.2053956
8.26897884
8.36203006
8.59476373
8.61583492
8.8824198
8.93750063
8.89937181
8.8528462
9.08135507
9.25483592
9.1913583
9.5298704
9.68217444
9.71185366
9.85143049
10.198445
10.16454098
10.30844823
10.21117221
10.34229944
10.35497384
10.39304985
10.61728111
10.71460994
10.90076519
11.07847084
11.20125409
11.21815329
11.48473817
11.23505249
11.2477797
11.38323735
11.35778293
11.29430531
11.41281095
11.54821579
11.38740934
11.34933333
11.41281095
11.39163414
11.37045733
10.90932041
10.68926114
10.68075873
10.39727465
10.15191939
10.18571779
9.8514833
9.61874963
9.34788714
9.28023753
8.82744459
8.46353088
8.22657241
7.66805385
7.21959133
7.11386571
6.7584016
6.57636553
6.4367887
6.08549658
5.94169495
5.85709333
5.61585725
5.48045241
5.04466429
4.79075381
4.65962658
4.64695218
4.45646651
4.3761425
4.57919695
4.58347456
4.32956408
4.49037053
4.61727296
4.26608646
4.17720723
4.0376304
4.02067839
4.0291808
4.12217921
4.21111125
4.09683041
4.16875763
4.18570964
4.05025199
4.15608323
4.07993121
3.94030157
3.91489996
3.84719754
3.85992475
3.85147515
4.0207312
3.91489996
3.81757113
4.00377919
4.0629792
4.05870159
4.10528001
3.83874794
3.7202423
3.81334633
3.58483746
3.74141911
3.82184874
3.73719431
3.86832154
4.05870159
4.11372961
3.94452637
3.88527355
3.74992152
3.62291347
3.7075679
3.83452314
3.78377273
3.7075679
3.85987194
3.94452637
3.7075679
4.03335279
4.0587544
3.88949835
3.84719754
3.7033431
3.6695447
3.7117927
3.81339914
3.7117927
3.95297597
3.84297274
3.95297597
3.82602073
3.86832154
3.6737695
3.67366388
3.62719108
3.55526386
3.55526386
3.80061912
3.80912153
3.66521428
3.93185197
4.04180239
3.76676791
3.7498159
3.7033431
3.55098625
3.60178947
3.53831185
3.49595823
3.61874148
3.72874471
3.66526709
3.69484069
3.82607354
3.68216629
3.6779943
3.7117927
3.50868544
3.46215983
3.47905903
3.27177978
3.41558141
3.65681749
3.79216952
3.50023584
3.55098625
3.76254311
3.70329029
3.52563745
3.30557818
3.34787899
3.55526386
3.52141265
3.50440783
3.54253665
3.7498159
3.75414632
3.84719754
3.58489027
3.72451991
3.63981267
3.68639109
3.48745582
3.3606062
3.58483746
3.65259269
3.73719431
3.73296951
3.51718785
3.7286919
3.85136953
3.79644713
3.3775054
3.61446387
3.73296951
3.58911507
3.47483423
3.7075679
3.76254311
3.88110156
3.7244671
3.75837112
3.67371669
3.7117927
3.59756467
3.47905903
3.48333664
3.52986225
3.49173343
3.64409028
3.69061589
3.49595823
3.7286919
3.89794795
3.92757436
3.73719431
3.62713827
3.67794149
3.59333987
3.49178624
3.58911507
3.68216629
3.58483746
3.63564068
3.69061589
3.77527032
3.91495277
3.73719431
3.74569672
3.67794149
3.66526709
3.82184874
3.86832154
3.83880075
3.94024876
3.96565037
4.067204
4.20266165
4.14763363
3.99105198
4.0418552
4.06725681
4.14763363
4.4183905
4.10533282
4.41844331
4.57074735
4.82888263
4.86695864
4.92615865
5.15044272
4.94733546
4.99386107
5.26467075
5.36622438
5.52275322
5.62858446
5.53548043
5.70473648
5.95436935
6.30978065
6.50871592
6.68219677
6.7837504
6.80915201
6.92338004
7.07568408
7.28724094
7.35499617
7.70618267
7.88383551
8.01924035
8.19705162
8.44657887
8.36197725
8.31972925
8.38315406
8.50160689
8.73011576
8.73861817
8.90364942
9.16595669
9.04750386
9.08552706
9.2209319
9.36483915
9.11092867
9.02637986
8.92905103
8.78509097
8.94595023
8.98830385
8.88675022
8.70471415
8.8443966
8.75129257
8.73011576
8.58626132
8.48470769
8.1800468
8.1462484
8.06999076
7.84158751
7.75270828
7.72302906
7.57928024
7.52842421
7.43954498
7.47762099
7.42687058
7.20263932
6.8175488
6.74139678
6.67797197
6.40716229
6.38176068
6.31828306
6.32256067
6.19983023
6.15330462
6.06859738
5.99667016
5.85709333
5.59895805
5.43820441
5.26889555
5.27739796
5.08691229
5.03621469
5.1080891
5.12504111
5.15466752
4.93043626
4.76540501
4.61304816
4.43534251
4.43111771
4.4141657
4.40576891
4.37608969
4.30838727
4.4099409
4.32533928
4.36341529
4.4014913
4.4099409
4.22801045
4.09265842
4.00367357
4.0376304
3.85564714
4.02067839
4.04602719
4.09260561
4.15608323
4.08838081
4.13073443
4.09260561
3.75837112
3.69056308
3.64409028
3.76259592
3.69906549
3.77532313
3.82184874
3.91062235
3.87677114
3.87259915
3.89800076
3.82602073
3.74564391
3.58911507
3.56793826
3.7117927
3.75837112
3.62719108
3.83869513
3.77944231
3.68216629
3.90222556
3.91067516
3.81339914
3.65253988
3.59333987
3.62286066
3.61863586
3.47055662
3.58483746
3.84297274
3.77104552
3.68649671
3.81751832
3.88527355
3.90645036
3.52563745
3.55526386
3.43253342
3.26744936
3.49606385
3.50023584
3.59333987
3.50018303
3.60178947
3.67371669
3.69484069
3.52986225
3.43248061
3.41558141
3.19557495
3.26744936
3.44098302
3.45793503
3.42830862
3.55098625
3.58483746
3.54253665
3.41563422
3.61874148
3.47483423
3.26750217
3.3775054
3.364831
3.48756144
3.3817302
3.54258946
3.73719431
3.67794149
3.48756144
3.52141265
3.66098948
3.44948543
3.50023584
3.51296305
3.57216306
3.53408705
3.61868867
3.82607354
3.95720077
3.97832477
3.89794795
3.80067193
3.84719754
3.62291347
3.55521105
3.60601427
3.81757113
3.84725035
3.77104552
3.89377596
3.96570318
3.80067193
3.77949512
3.83452314
3.80061912
3.53408705
3.55526386
3.56376627
3.7286919
3.6948935
3.66526709
3.74569672
3.85564714
3.77949512
3.73719431
3.70751509
3.42830862
3.42830862
3.45793503
3.7202423
3.7160175
3.81329352
3.80067193
3.85564714
3.79644713
3.92762717
3.88527355
3.89800076
3.65676468
3.55098625
3.68216629
3.7244671
3.69906549
3.63981267
3.49601104
3.57211025
3.62291347
3.65681749
3.77104552
3.77527032
3.7117927
3.50868544
3.30563099
3.45365742
3.3901798
3.61868867
3.66526709
3.76259592
3.69906549
3.7498159
3.73719431
3.97415278
3.63136307
3.3732806
3.54253665
3.60606708
3.56793826
3.56371346
3.81329352
3.82179593
3.81751832
3.81334633
4.01645359
3.7329167
3.66098948
3.58911507
3.65681749
3.55521105
3.54253665
3.88955116
3.74564391
3.82602073
3.81757113
3.6991183
3.82184874
3.84297274
3.6991183
3.42403101
3.58906226
3.3986294
3.48338945
3.58061266
3.67794149
3.58066547
3.68633828
3.77521751
3.67794149
3.49595823
2.62855398
3.20824935
3.29290378
3.47055662
3.47478142
3.75414632
3.84297274
3.89377596
3.83452314
3.91067516
3.96987517
3.79644713
3.54676145
3.33942939
3.46643744
3.63136307
3.54676145
3.53403424
3.74564391
3.80061912
3.82607354
3.82184874
3.68639109
3.68639109
3.61868867
3.65259269
3.69906549
3.63141588
3.55521105
3.7075679
3.80489673
3.79639432
3.87687676
3.94024876
3.94030157
3.74141911
3.38600781
3.55943585
3.74986871
3.52986225
3.64403747
3.6864439
3.72029511
3.91907195
3.77521751
3.78789191
3.78371992
3.80484392
3.63558787
3.52141265
3.65676468
3.59756467
3.52135984
3.74986871
3.81334633
3.93185197
3.6822191
3.80912153
3.85142234
3.68639109
3.7117927
3.44520782
3.54676145
3.68216629
3.77527032
3.7413663
3.84725035
3.92752155
3.84719754
3.82607354
3.94030157
3.64831508
3.67371669
3.68216629
3.62719108
3.80489673
3.83447033
3.94452637
3.93602396
3.78371992
3.90217275
4.0376304
4.06725681
3.7244671
3.69484069
3.91489996
3.74569672
3.61023907
3.79216952
3.98682718
3.87259915
4.02067839
4.18993444
4.05880721
3.93607677
3.91062235
3.67794149
3.74992152
3.62296628
3.92340237
3.99105198
3.90222556
4.16036084
4.18576245
3.98260238
3.91495277
3.77527032
3.79211671
3.66949189
3.72029511
3.80484392
3.88527355
3.93185197
4.14763363
3.94875117
3.96570318
3.95725358
4.01645359
3.71184551
3.7329167
3.91067516
3.73719431
3.71596469
3.76676791
4.01645359
3.84297274
3.91912476
4.0798784
3.99522397
3.88955116
3.76687353
3.92329675
3.62719108
3.7371415
3.76254311
3.85147515
3.82607354
3.83447033
4.0376304
3.86837435
4.0503048
3.78366711
3.80912153
3.78377273
3.98260238
3.84297274
3.81334633
3.93607677
3.83019272
4.02490319
3.97409997
4.17298243
4.16453283
3.99532959
3.86414955
3.84719754
3.79639432
3.86837435
3.92757436
3.92757436
3.91912476
4.0418552
4.13068162
3.96570318
4.04180239
4.0503048
3.94869836
3.77954793
3.88104875
4.0503048
3.88955116
3.96570318
3.99105198
4.02490319
4.0418552
3.94875117
3.87682395
3.95292316
3.87254634
3.82184874
3.93179916
3.83452314
4.13068162
4.00795118
3.93607677
4.0925528
4.067204
4.0756536
4.09688322
4.00377919
3.99527678
3.84719754
3.84297274
4.03757759
3.88099594
3.95297597
3.98265519
4.31261207
4.36341529
4.03757759
4.13490642
4.08838081
3.99105198
3.84297274
3.88949835
3.88099594
3.88949835
4.0798784
4.0503048
4.067204
4.32528647
4.20260884
4.11800722
4.04602719
3.83452314
3.98682718
3.78371992
4.0587544
3.98677437
4.23223525
4.17298243
4.05447679
4.17726004
4.21956085
4.16453283
3.86837435
3.88949835
3.96142557
4.01217598
4.12228483
4.10116083
4.15180562
4.19415924
4.31683687
4.0587544
4.20260884
4.17726004
4.08420882
4.09260561
4.01222879
3.87259915
3.97409997
4.0714288
4.0334056
3.96565037
4.16875763
4.27036407
4.20683364
4.18570964
4.088328
3.84719754
3.98254957
3.88527355
4.0925528
4.29993767
4.35491288
4.39721369
4.39298889
4.32956408
4.41844331
4.39721369
4.15185843
4.07993121
4.05025199
4.16453283
4.14335602
4.20266165
4.21528324
4.22378565
4.27876086
4.0925528
4.52416893
4.42266811
4.27031126
4.27876086
4.04180239
4.19838404
4.024956
3.95725358
3.80917434
4.02912799
4.31688968
4.3972665
4.42689291
4.34229129
4.30833446
4.12223202
4.02485038
3.88104875
3.87254634
4.11378242
4.18570964
4.13068162
4.21111125
4.16025522
4.15603042
3.97837758
3.93602396
3.92762717
3.91067516
4.05035761
4.15191124
4.16453283
4.22383846
4.07993121
4.32956408
4.28726327
4.22378565
3.92340237
4.19838404
4.13495923
4.17720723
4.024956
4.38031449
4.29993767
4.20260884
